
Round: 0
00000000
00000000
00000000
00000000
00000000
00000000
00000000
00000000

Valid moves for 1:
3, 3
3, 4
4, 3
4, 4

Player 1: 4, 3

After move by Player 1
00000000
00000000
00000000
00010000
00000000
00000000
00000000
00000000


Round: 1
00000000
00000000
00000000
00010000
00000000
00000000
00000000
00000000

Valid moves for 2:
3, 3
3, 4
4, 4

Player 2: 3, 3

After move by Player 2
00000000
00000000
00000000
00010000
00020000
00000000
00000000
00000000


Round: 2
00000000
00000000
00000000
00010000
00020000
00000000
00000000
00000000

Valid moves for 1:
3, 4
4, 4

Player 1: 3, 4

After move by Player 1
00000000
00000000
00000000
00010000
00021000
00000000
00000000
00000000


Round: 3
00000000
00000000
00000000
00010000
00021000
00000000
00000000
00000000

Valid moves for 2:
4, 4

Player 2: 4, 4

After move by Player 2
00000000
00000000
00000000
00012000
00021000
00000000
00000000
00000000


Round: 4
00000000
00000000
00000000
00012000
00021000
00000000
00000000
00000000

Valid moves for 1:
2, 3
3, 2
4, 5
5, 4

Player 1: 3, 2

After move by Player 1
00000000
00000000
00000000
00012000
00111000
00000000
00000000
00000000


Round: 5
00000000
00000000
00000000
00012000
00111000
00000000
00000000
00000000

Valid moves for 2:
2, 2
2, 4
4, 2

Player 2: 2, 2

After move by Player 2
00000000
00000000
00000000
00012000
00121000
00200000
00000000
00000000


Round: 6
00000000
00000000
00000000
00012000
00121000
00200000
00000000
00000000

Valid moves for 1:
1, 2
2, 3
4, 5
5, 4

Player 1: 2, 3

After move by Player 1
00000000
00000000
00000000
00012000
00111000
00210000
00000000
00000000


Round: 7
00000000
00000000
00000000
00012000
00111000
00210000
00000000
00000000

Valid moves for 2:
2, 4
4, 2

Player 2: 2, 4

After move by Player 2
00000000
00000000
00000000
00012000
00112000
00222000
00000000
00000000


Round: 8
00000000
00000000
00000000
00012000
00112000
00222000
00000000
00000000

Valid moves for 1:
1, 1
1, 2
1, 3
1, 4
1, 5
2, 5
3, 5
4, 5
5, 5

Player 1: 1, 5

After move by Player 1
00000000
00000000
00000000
00012000
00112000
00221000
00000100
00000000


Round: 9
00000000
00000000
00000000
00012000
00112000
00221000
00000100
00000000

Valid moves for 2:
1, 4
2, 5
3, 1
4, 1
4, 2
5, 2
5, 3

Player 2: 4, 2

After move by Player 2
00000000
00000000
00000000
00222000
00212000
00221000
00000100
00000000


Round: 10
00000000
00000000
00000000
00222000
00212000
00221000
00000100
00000000

Valid moves for 1:
1, 1
1, 3
2, 1
3, 1
3, 5
5, 1
5, 3
5, 4
5, 5

Player 1: 5, 1

After move by Player 1
00000000
00000000
01000000
00122000
00212000
00221000
00000100
00000000


Round: 11
00000000
00000000
01000000
00122000
00212000
00221000
00000100
00000000

Valid moves for 2:
1, 4
2, 5
4, 1
5, 2

Player 2: 2, 5

After move by Player 2
00000000
00000000
01000000
00122000
00212000
00222200
00000100
00000000


Round: 12
00000000
00000000
01000000
00122000
00212000
00222200
00000100
00000000

Valid moves for 1:
1, 1
1, 2
1, 3
3, 1
3, 5
4, 5
5, 3
5, 5

Player 1: 3, 5

After move by Player 1
00000000
00000000
01000000
00122000
00211100
00222100
00000100
00000000


Round: 13
00000000
00000000
01000000
00122000
00211100
00222100
00000100
00000000

Valid moves for 2:
0, 6
1, 6
2, 6
3, 6
4, 1
4, 5
4, 6
5, 2
6, 0

Player 2: 5, 2

After move by Player 2
00000000
00000000
01200000
00222000
00211100
00222100
00000100
00000000


Round: 14
00000000
00000000
01200000
00222000
00211100
00222100
00000100
00000000

Valid moves for 1:
1, 1
1, 2
1, 3
1, 4
2, 1
3, 1
5, 3
5, 4
5, 5
6, 1

Player 1: 6, 1

After move by Player 1
00000000
01000000
01100000
00212000
00211100
00222100
00000100
00000000


Round: 15
00000000
01000000
01100000
00212000
00211100
00222100
00000100
00000000

Valid moves for 2:
0, 6
2, 6
3, 6
4, 5
4, 6
5, 3
5, 4
6, 0
6, 2

Player 2: 5, 4

After move by Player 2
00000000
01000000
01102000
00222000
00211100
00222100
00000100
00000000


Round: 16
00000000
01000000
01102000
00222000
00211100
00222100
00000100
00000000

Valid moves for 1:
1, 1
1, 2
1, 3
1, 4
2, 1
3, 1
5, 3
5, 5
6, 4

Player 1: 5, 3

After move by Player 1
00000000
01000000
01112000
00211000
00211100
00222100
00000100
00000000


Round: 17
00000000
01000000
01112000
00211000
00211100
00222100
00000100
00000000

Valid moves for 2:
0, 6
2, 6
3, 6
4, 5
4, 6
5, 0
5, 5
6, 0
6, 2
6, 3
6, 4

Player 2: 6, 3

After move by Player 2
00000000
01020000
01122000
00221000
00221100
00222100
00000100
00000000


Round: 18
00000000
01020000
01122000
00221000
00221100
00222100
00000100
00000000

Valid moves for 1:
1, 1
1, 2
1, 3
1, 4
2, 1
3, 1
4, 1
5, 5
6, 2
6, 4
7, 4

Player 1: 2, 1

After move by Player 1
00000000
01020000
01122000
00221000
00221100
01111100
00000100
00000000


Round: 19
00000000
01020000
01122000
00221000
00221100
01111100
00000100
00000000

Valid moves for 2:
0, 6
1, 0
1, 1
1, 2
1, 3
1, 4
1, 6
2, 6
3, 6
4, 1
4, 5
5, 0
5, 5
6, 0
6, 2
7, 0

Player 2: 1, 0

After move by Player 2
00000000
01020000
01122000
00221000
00221100
02111100
20000100
00000000


Round: 20
00000000
01020000
01122000
00221000
00221100
02111100
20000100
00000000

Valid moves for 1:
2, 0
3, 1
4, 1
5, 5
6, 2
6, 4
7, 3
7, 4

Player 1: 7, 3

After move by Player 1
00010000
01010000
01112000
00211000
00211100
02111100
20000100
00000000


Round: 21
00010000
01010000
01112000
00211000
00211100
02111100
20000100
00000000

Valid moves for 2:
0, 6
1, 2
1, 4
2, 6
3, 6
4, 5
5, 0
6, 0
6, 2
6, 4
7, 2

Player 2: 0, 6

After move by Player 2
00010000
01010000
01112000
00211000
00221100
02112100
20000200
00000020


Round: 22
00010000
01010000
01112000
00211000
00221100
02112100
20000200
00000020

Valid moves for 1:
0, 5
1, 3
1, 4
2, 0
3, 1
4, 1
4, 5
5, 5
6, 4
6, 5

Player 1: 0, 5

After move by Player 1
00010000
01010000
01112000
00211000
00221100
02112100
20000100
00000120


Round: 23
00010000
01010000
01112000
00211000
00221100
02112100
20000100
00000120

Valid moves for 2:
0, 4
1, 1
1, 2
1, 3
1, 4
2, 6
3, 6
4, 5
4, 6
5, 0
5, 5
6, 0
6, 2
6, 4
7, 2

Player 2: 3, 6

After move by Player 2
00010000
01010000
01112000
00211000
00222220
02112100
20000100
00000120


Round: 24
00010000
01010000
01112000
00211000
00222220
02112100
20000100
00000120

Valid moves for 1:
0, 7
1, 4
2, 0
2, 6
3, 1
4, 1
4, 5
4, 7
5, 5
6, 4
6, 5

Player 1: 0, 7

After move by Player 1
00010000
01010000
01112000
00211000
00222220
02112100
20000100
00000111


Round: 25
00010000
01010000
01112000
00211000
00222220
02112100
20000100
00000111

Valid moves for 2:
1, 1
1, 2
1, 3
1, 4
1, 6
2, 6
4, 5
5, 0
5, 5
6, 0
6, 2
6, 4
7, 0
7, 2

Player 2: 2, 6

After move by Player 2
00010000
01010000
01112000
00211000
00222220
02112220
20000100
00000111


Round: 26
00010000
01010000
01112000
00211000
00222220
02112220
20000100
00000111

Valid moves for 1:
1, 4
1, 6
1, 7
2, 0
2, 7
3, 1
3, 7
4, 1
4, 5
5, 5
6, 4
6, 5

Player 1: 4, 5

After move by Player 1
00010000
01010000
01111000
00211100
00221120
02112120
20000100
00000111


Round: 27
00010000
01010000
01111000
00211100
00221120
02112120
20000100
00000111

Valid moves for 2:
0, 4
1, 1
1, 2
1, 3
1, 4
4, 6
5, 5
6, 0
6, 2
6, 4
6, 5
7, 2

Player 2: 1, 1

After move by Player 2
00010000
01010000
01111000
00211100
00221120
02212120
22000100
00000111


Round: 28
00010000
01010000
01111000
00211100
00221120
02212120
22000100
00000111

Valid moves for 1:
0, 0
1, 2
1, 3
1, 4
1, 7
2, 0
2, 7
3, 1
3, 7
4, 1
4, 7

Player 1: 1, 2

After move by Player 1
00010000
01010000
01111000
00111100
00121120
02112120
22100100
00000111


Round: 29
00010000
01010000
01111000
00111100
00121120
02112120
22100100
00000111

Valid moves for 2:
0, 3
0, 4
1, 3
1, 4
3, 1
4, 6
5, 5
6, 0
6, 2
6, 4
6, 5
7, 2

Player 2: 0, 4

After move by Player 2
00010000
01010000
01111000
00111100
00121120
02112120
22100200
00002111


Round: 30
00010000
01010000
01111000
00111100
00121120
02112120
22100200
00002111

Valid moves for 1:
0, 0
0, 3
1, 3
1, 4
1, 7
2, 0
2, 7
3, 0
3, 7
4, 7

Player 1: 0, 3

After move by Player 1
00010000
01010000
01111000
00111100
00121120
02112120
22100200
00011111


Round: 31
00010000
01010000
01111000
00111100
00121120
02112120
22100200
00011111

Valid moves for 2:
1, 3
1, 4
3, 1
4, 6
5, 5
6, 0
6, 2
6, 4
6, 5
7, 2

Player 2: 1, 3

After move by Player 2
00010000
01010000
01111000
00111100
00121120
02122120
22220200
00011111


Round: 32
00010000
01010000
01111000
00111100
00121120
02122120
22220200
00011111

Valid moves for 1:
0, 0
0, 1
0, 2
1, 4
1, 7
2, 0
2, 7
3, 0
3, 7
4, 7

Player 1: 3, 0

After move by Player 1
00010000
01010000
01111000
00111100
10121120
01122120
22120200
00011111


Round: 33
00010000
01010000
01111000
00111100
10121120
01122120
22120200
00011111

Valid moves for 2:
0, 1
1, 4
2, 0
3, 1
4, 1
4, 6
5, 5
5, 6
6, 0
6, 2
6, 4
6, 5
7, 2

Player 2: 5, 5

After move by Player 2
00010000
01010000
01111200
00112200
10121220
01122220
22120200
00011111


Round: 34
00010000
01010000
01111200
00112200
10121220
01122220
22120200
00011111

Valid moves for 1:
0, 0
0, 1
1, 4
1, 6
1, 7
2, 7
3, 7
4, 6
5, 6
6, 5
6, 6

Player 1: 6, 5

After move by Player 1
00010000
01010100
01111100
00112100
10121120
01122120
22120100
00011111


Round: 35
00010000
01010100
01111100
00112100
10121120
01122120
22120100
00011111

Valid moves for 2:
0, 1
1, 4
2, 0
3, 1
4, 1
4, 6
5, 6
6, 0
6, 2
6, 4
6, 6
7, 2
7, 6

Player 2: 4, 6

After move by Player 2
00010000
01010100
01111100
00112220
10121220
01122120
22120100
00011111


Round: 36
00010000
01010100
01111100
00112220
10121220
01122120
22120100
00011111

Valid moves for 1:
0, 0
0, 1
1, 4
1, 7
2, 7
3, 7
4, 7
5, 6

Player 1: 1, 4

After move by Player 1
00010000
01010100
01111100
00112220
10121220
01111120
22111100
00011111


Round: 37
00010000
01010100
01111100
00112220
10121220
01111120
22111100
00011111

Valid moves for 2:
0, 1
0, 2
1, 6
2, 0
3, 1
4, 1
6, 0
6, 2
6, 4
6, 6
7, 2
7, 5
7, 6

Player 2: 7, 6

After move by Player 2
00010020
01010200
01112100
00122220
10221220
02111120
22111100
00011111


Round: 38
00010020
01010200
01112100
00122220
10221220
02111120
22111100
00011111

Valid moves for 1:
0, 0
1, 7
2, 0
2, 7
3, 1
3, 7
4, 1
4, 7
5, 6
5, 7
6, 4
7, 5

Player 1: 5, 7

After move by Player 1
00010020
01010200
01112101
00122210
10221120
02111120
22111100
00011111


Round: 39
00010020
01010200
01112101
00122210
10221120
02111120
22111100
00011111

Valid moves for 2:
0, 1
0, 2
1, 6
4, 1
4, 7
5, 0
5, 6
6, 0
6, 2
6, 6
7, 0
7, 2

Player 2: 0, 2

After move by Player 2
00010020
01010200
01112101
00122210
10221120
02211120
22211100
00211111


Round: 40
00010020
01010200
01112101
00122210
10221120
02211120
22211100
00211111

Valid moves for 1:
0, 0
0, 1
1, 6
1, 7
2, 0
2, 7
3, 1
3, 7
4, 1
4, 7
5, 6
6, 4
7, 5

Player 1: 2, 0

After move by Player 1
00010020
01010200
01112101
00122210
10221120
11111120
22211100
00211111


Round: 41
00010020
01010200
01112101
00122210
10221120
11111120
22211100
00211111

Valid moves for 2:
1, 6
3, 1
4, 0
4, 1
4, 7
5, 0
5, 6
6, 0
6, 2
6, 6
7, 0
7, 2

Player 2: 4, 7

After move by Player 2
00010020
01010200
01112101
00122222
10221120
11111120
22211100
00211111


Round: 42
00010020
01010200
01112101
00122222
10221120
11111120
22211100
00211111

Valid moves for 1:
0, 0
0, 1
1, 7
2, 7
3, 1
3, 7
4, 1
5, 6
6, 4
7, 5

Player 1: 0, 1

After move by Player 1
00010020
01010200
01112101
00122222
10221120
11111120
21111100
01111111


Round: 43
00010020
01010200
01112101
00122222
10221120
11111120
21111100
01111111

Valid moves for 2:
0, 0
1, 6
4, 0
4, 1
5, 0
5, 6
6, 0
6, 2
6, 4
6, 6
6, 7
7, 0
7, 2

Player 2: 7, 2

After move by Player 2
00210020
01020200
01112101
00122222
10221120
11111120
21111100
01111111


Round: 44
00210020
01020200
01112101
00122222
10221120
11111120
21111100
01111111

Valid moves for 1:
0, 0
1, 7
2, 7
3, 1
3, 7
4, 1
5, 6
6, 4
7, 1
7, 4
7, 5

Player 1: 7, 5

After move by Player 1
00210120
01020100
01112101
00122222
10221120
11111120
21111100
01111111


Round: 45
00210120
01020100
01112101
00122222
10221120
11111120
21111100
01111111

Valid moves for 2:
0, 0
1, 6
4, 0
4, 1
5, 0
5, 6
6, 0
6, 2
6, 4
6, 6
6, 7
7, 0
7, 4

Player 2: 5, 0

After move by Player 2
00210120
02020100
22222101
00122222
10221120
11111120
21111100
01111111


Round: 46
00210120
02020100
22222101
00122222
10221120
11111120
21111100
01111111

Valid moves for 1:
0, 0
1, 7
2, 7
3, 1
3, 7
4, 1
5, 6
6, 0
6, 2
6, 4
7, 0
7, 1
7, 7

Player 1: 7, 7

After move by Player 1
00210111
02020100
22222101
00122222
10221120
11111120
21111100
01111111


Round: 47
00210111
02020100
22222101
00122222
10221120
11111120
21111100
01111111

Valid moves for 2:
0, 0
1, 6
3, 1
4, 0
4, 1
5, 6
6, 4
6, 6
6, 7
7, 4

Player 2: 6, 6

After move by Player 2
00210111
02020120
22222201
00122222
10221120
11111120
21111100
01111111


Round: 48
00210111
02020120
22222201
00122222
10221120
11111120
21111100
01111111

Valid moves for 1:
0, 0
1, 7
2, 7
3, 1
3, 7
4, 1
5, 6
6, 0
6, 2
6, 4
6, 7
7, 0
7, 1

Player 1: 7, 1

After move by Player 1
01110111
02020120
22222201
00122222
10221120
11111120
21111100
01111111


Round: 49
01110111
02020120
22222201
00122222
10221120
11111120
21111100
01111111

Valid moves for 2:
0, 0
1, 6
3, 1
4, 0
4, 1
6, 4
6, 7

Player 2: 6, 4

After move by Player 2
01110111
02022220
22222201
00122222
10221120
11111120
21111100
01111111


Round: 50
01110111
02022220
22222201
00122222
10221120
11111120
21111100
01111111

Valid moves for 1:
0, 0
1, 7
2, 7
3, 1
3, 7
4, 1
5, 6
6, 0
6, 2
7, 0
7, 4

Player 1: 5, 6

After move by Player 1
01110111
02022210
22222211
00122122
10221120
11111120
21111100
01111111


Round: 51
01110111
02022210
22222211
00122122
10221120
11111120
21111100
01111111

Valid moves for 2:
0, 0
1, 6
3, 1
4, 0
4, 1
6, 7

Player 2: 6, 7

After move by Player 2
01110111
02022222
22222212
00122122
10221120
11111120
21111100
01111111


Round: 52
01110111
02022222
22222212
00122122
10221120
11111120
21111100
01111111

Valid moves for 1:
0, 0
1, 6
1, 7
2, 7
3, 1
3, 7
4, 1
6, 0
6, 2
7, 0
7, 4

Player 1: 3, 7

After move by Player 1
01110111
02021221
22222111
00122111
10221111
11111110
21111100
01111111


Round: 53
01110111
02021221
22222111
00122111
10221111
11111110
21111100
01111111

Valid moves for 2:
0, 0
1, 6
1, 7
2, 7
3, 1
4, 0
4, 1
7, 4

Player 2: 1, 7

After move by Player 2
01110111
02021221
22222111
00122111
10221211
11111120
21111102
01111111


Round: 54
01110111
02021221
22222111
00122111
10221211
11111120
21111102
01111111

Valid moves for 1:
0, 0
1, 6
2, 7
3, 1
4, 1
6, 0
6, 2
7, 0
7, 4

Player 1: 1, 6

After move by Player 1
01110111
02021221
22222111
00122111
10221211
11111110
21111112
01111111


Round: 55
01110111
02021221
22222111
00122111
10221211
11111110
21111112
01111111

Valid moves for 2:
0, 0
2, 7
3, 1
4, 0
4, 1
7, 4

Player 2: 4, 0

After move by Player 2
01110111
02021221
22222111
20122111
20221211
21111110
21111112
01111111


Round: 56
01110111
02021221
22222111
20122111
20221211
21111110
21111112
01111111

Valid moves for 1:
2, 7
3, 1
4, 1
6, 0
6, 2
7, 0
7, 4

Player 1: 2, 7

After move by Player 1
01110111
02021221
22222111
20122111
20221211
21111111
21111111
01111111


Round: 57
01110111
02021221
22222111
20122111
20221211
21111111
21111111
01111111

Valid moves for 2:
0, 0
3, 1
4, 1
7, 4

Player 2: 7, 4

After move by Player 2
01112111
02022221
22222111
20122111
20221211
21111111
21111111
01111111


Round: 58
01112111
02022221
22222111
20122111
20221211
21111111
21111111
01111111

Valid moves for 1:
3, 1
4, 1
6, 0
6, 2
7, 0

Player 1: 6, 2

After move by Player 1
01112111
02111111
22112111
20121111
20221111
21111111
21111111
01111111


Round: 59
01112111
02111111
22112111
20121111
20221111
21111111
21111111
01111111

Valid moves for 2:
0, 0
4, 1
7, 0

Player 2: 4, 1

After move by Player 2
01112111
02121111
22212111
22221111
20221111
21111111
21111111
01111111


Round: 60
01112111
02121111
22212111
22221111
20221111
21111111
21111111
01111111

Valid moves for 1:
3, 1
6, 0
7, 0

Player 1: 6, 0

After move by Player 1
01112111
11121111
21212111
22121111
20211111
21111111
21111111
01111111


Round: 61
01112111
11121111
21212111
22121111
20211111
21111111
21111111
01111111

Valid moves for 2:
7, 0

Player 2: 7, 0

After move by Player 2
22222111
22121111
21212111
22121111
20211111
21111111
21111111
01111111


Round: 62
22222111
22121111
21212111
22121111
20211111
21111111
21111111
01111111

Valid moves for 1:
3, 1

Player 1: 3, 1

After move by Player 1
22222111
22121111
21212111
21121111
21111111
21111111
21111111
01111111


Round: 63
22222111
22121111
21212111
21121111
21111111
21111111
21111111
01111111

Valid moves for 2:

Player 2 can't move

Round: 63
22222111
22121111
21212111
21121111
21111111
21111111
21111111
01111111

Valid moves for 1:

Player 1 can't move

Black: 48
White: 16

